10088:
2594473
2181764
1982763
1875632
2302111
846574
2092301
1265878
1091833
453270
278223
349217
800638
843016
552159
1259166
2066795
1772940
397637
1763142
516433
2568024
76207
2484805
1192843
708785
2596315
2455437
1592001
692230
879475
1350353
1072531
28346
359345
788441
1088013
438590
2039197
620850
624468
1381014
984002
1038814
405658
2139777
10089:
662823
1693997
1985602
2345955
1205751
1009:
771276
10090:
546726
1586837
332198
1379079
957953
1253426
1125189
744441
1679271
1:
2529547
1682104
2625019
2603381
1774623
470861
712610
1772839
1059319
2380848
548064
10:
1952305
1531863
1000:
2326571
977808
1010534
1861759
79755
98259
1960212
97460
2623506
2409123
1959111
809597
2251189
537705
929584
506737
708895
1900790
2553920
1196779
2411446
1002296
1580442
100291
433455
2368043